NoEntry0.bmp 2 159 241 43 50 605 240 46 49
No_entry/NoEntry1.bmp 1 175 104 69 103
NoEntry10.bmp 3 235 132 74 81 506 150 87 93 586 168 43 67
NoEntry11.bmp 2 444 157 86 89 55 214 55 61
NoEntry12.bmp 9 96 236 81 85 246 181 46 49 296 116 27 41 434 79 27 36 622 63 17 33 0 0 0 0 656 113 37 46 735 163 31 67 812 246 86 87
NoEntry13.bmp 1 378 573 59 55
NoEntry14.bmp 1 424 285 68 60
NoEntry15.bmp 2 327 119 53 60 387 120 53 60
No_entry/NoEntry2.bmp 1 361 139 138 126
No_entry/NoEntry3.bmp 3 16 0 97 86 0 0 0 0 414 2 171 193
NoEntry4.bmp 2 190 172 53 58 740 200 51 61
NoEntry5.bmp 11 123 307 44 50 301 325 37 45 429 338 29 41 523 349 20 33 593 359 19 28 649 365 19 26 693 373 20 22 732 373 17 27 844 378 12 20 0 0 0 0 866 382 11 18
NoEntry6.bmp 4 173 322 154 147 377 204 201 224 593 223 178 236 802 411 46 134
No_entry/NoEntry7.bmp 1 548 171 46 44
NoEntry8.bmp 7 196 73 104 108 145 173 59 64 106 233 41 47 86 257 32 35 0 0 0 0 77 275 23 28 71 291 16 20
NoEntry9.bmp 1 465 575 60 54
